{
 "cells": [
  {
   "cell_type": "markdown",
   "metadata": {},
   "source": [
    "# Came third in this hackathon (username: Bal1u):\n",
    "- https://dphi.tech/practice/challenge/28#leaderboard"
   ]
  },
  {
   "cell_type": "code",
   "execution_count": 1,
   "metadata": {},
   "outputs": [],
   "source": [
    "import pandas as pd\n",
    "import numpy as np\n",
    "import matplotlib.pyplot as plt\n",
    "from seaborn import pairplot \n",
    "from sklearn.linear_model import LinearRegression\n",
    "from sklearn.model_selection import train_test_split\n",
    "from sklearn.preprocessing import LabelEncoder\n",
    "from sklearn.tree import DecisionTreeRegressor\n",
    "from sklearn.ensemble import RandomForestRegressor\n",
    "from sklearn.metrics import mean_squared_error\n",
    "from sklearn import tree\n",
    "from sklearn.model_selection import GridSearchCV\n",
    "import seaborn as sns\n",
    "from sklearn.ensemble import BaggingRegressor, AdaBoostRegressor, GradientBoostingRegressor\n",
    "from sklearn.decomposition import PCA\n",
    "from sklearn.preprocessing import StandardScaler\n",
    "from xgboost import XGBRegressor\n",
    "le = LabelEncoder()"
   ]
  },
  {
   "cell_type": "code",
   "execution_count": 2,
   "metadata": {},
   "outputs": [],
   "source": [
    "df_train = pd.read_csv(\"https://raw.githubusercontent.com/dphi-official/Datasets/master/concrete_data/training_set_label.csv\")"
   ]
  },
  {
   "cell_type": "code",
   "execution_count": 3,
   "metadata": {},
   "outputs": [
    {
     "data": {
      "text/html": [
       "<div>\n",
       "<style scoped>\n",
       "    .dataframe tbody tr th:only-of-type {\n",
       "        vertical-align: middle;\n",
       "    }\n",
       "\n",
       "    .dataframe tbody tr th {\n",
       "        vertical-align: top;\n",
       "    }\n",
       "\n",
       "    .dataframe thead th {\n",
       "        text-align: right;\n",
       "    }\n",
       "</style>\n",
       "<table border=\"1\" class=\"dataframe\">\n",
       "  <thead>\n",
       "    <tr style=\"text-align: right;\">\n",
       "      <th></th>\n",
       "      <th>Cement</th>\n",
       "      <th>Blast_Furnace</th>\n",
       "      <th>Fly_Ash</th>\n",
       "      <th>Water</th>\n",
       "      <th>Superplast</th>\n",
       "      <th>Course_Agg</th>\n",
       "      <th>Fine_Agg</th>\n",
       "      <th>Age</th>\n",
       "      <th>CCS</th>\n",
       "    </tr>\n",
       "  </thead>\n",
       "  <tbody>\n",
       "    <tr>\n",
       "      <th>0</th>\n",
       "      <td>298.20</td>\n",
       "      <td>0.0</td>\n",
       "      <td>107.00</td>\n",
       "      <td>209.70</td>\n",
       "      <td>11.10</td>\n",
       "      <td>879.60</td>\n",
       "      <td>744.20</td>\n",
       "      <td>28</td>\n",
       "      <td>31.875165</td>\n",
       "    </tr>\n",
       "    <tr>\n",
       "      <th>1</th>\n",
       "      <td>397.00</td>\n",
       "      <td>0.0</td>\n",
       "      <td>0.00</td>\n",
       "      <td>186.00</td>\n",
       "      <td>0.00</td>\n",
       "      <td>1040.00</td>\n",
       "      <td>734.00</td>\n",
       "      <td>28</td>\n",
       "      <td>36.935229</td>\n",
       "    </tr>\n",
       "    <tr>\n",
       "      <th>2</th>\n",
       "      <td>251.37</td>\n",
       "      <td>0.0</td>\n",
       "      <td>118.27</td>\n",
       "      <td>188.45</td>\n",
       "      <td>6.35</td>\n",
       "      <td>1028.40</td>\n",
       "      <td>757.73</td>\n",
       "      <td>56</td>\n",
       "      <td>36.638755</td>\n",
       "    </tr>\n",
       "    <tr>\n",
       "      <th>3</th>\n",
       "      <td>304.00</td>\n",
       "      <td>140.0</td>\n",
       "      <td>0.00</td>\n",
       "      <td>214.00</td>\n",
       "      <td>6.00</td>\n",
       "      <td>895.00</td>\n",
       "      <td>722.00</td>\n",
       "      <td>28</td>\n",
       "      <td>33.418902</td>\n",
       "    </tr>\n",
       "    <tr>\n",
       "      <th>4</th>\n",
       "      <td>297.00</td>\n",
       "      <td>0.0</td>\n",
       "      <td>0.00</td>\n",
       "      <td>186.00</td>\n",
       "      <td>0.00</td>\n",
       "      <td>1040.00</td>\n",
       "      <td>734.00</td>\n",
       "      <td>7</td>\n",
       "      <td>30.957472</td>\n",
       "    </tr>\n",
       "    <tr>\n",
       "      <th>...</th>\n",
       "      <td>...</td>\n",
       "      <td>...</td>\n",
       "      <td>...</td>\n",
       "      <td>...</td>\n",
       "      <td>...</td>\n",
       "      <td>...</td>\n",
       "      <td>...</td>\n",
       "      <td>...</td>\n",
       "      <td>...</td>\n",
       "    </tr>\n",
       "    <tr>\n",
       "      <th>767</th>\n",
       "      <td>252.50</td>\n",
       "      <td>0.0</td>\n",
       "      <td>0.00</td>\n",
       "      <td>185.70</td>\n",
       "      <td>0.00</td>\n",
       "      <td>1111.60</td>\n",
       "      <td>784.30</td>\n",
       "      <td>7</td>\n",
       "      <td>11.483912</td>\n",
       "    </tr>\n",
       "    <tr>\n",
       "      <th>768</th>\n",
       "      <td>249.10</td>\n",
       "      <td>0.0</td>\n",
       "      <td>98.75</td>\n",
       "      <td>158.11</td>\n",
       "      <td>12.80</td>\n",
       "      <td>987.76</td>\n",
       "      <td>889.01</td>\n",
       "      <td>56</td>\n",
       "      <td>42.030457</td>\n",
       "    </tr>\n",
       "    <tr>\n",
       "      <th>769</th>\n",
       "      <td>255.00</td>\n",
       "      <td>0.0</td>\n",
       "      <td>0.00</td>\n",
       "      <td>192.00</td>\n",
       "      <td>0.00</td>\n",
       "      <td>889.80</td>\n",
       "      <td>945.00</td>\n",
       "      <td>3</td>\n",
       "      <td>8.204075</td>\n",
       "    </tr>\n",
       "    <tr>\n",
       "      <th>770</th>\n",
       "      <td>190.68</td>\n",
       "      <td>0.0</td>\n",
       "      <td>125.40</td>\n",
       "      <td>162.14</td>\n",
       "      <td>7.77</td>\n",
       "      <td>1090.00</td>\n",
       "      <td>804.01</td>\n",
       "      <td>100</td>\n",
       "      <td>40.568768</td>\n",
       "    </tr>\n",
       "    <tr>\n",
       "      <th>771</th>\n",
       "      <td>159.00</td>\n",
       "      <td>187.0</td>\n",
       "      <td>0.00</td>\n",
       "      <td>176.00</td>\n",
       "      <td>11.00</td>\n",
       "      <td>990.00</td>\n",
       "      <td>789.00</td>\n",
       "      <td>28</td>\n",
       "      <td>32.763900</td>\n",
       "    </tr>\n",
       "  </tbody>\n",
       "</table>\n",
       "<p>772 rows × 9 columns</p>\n",
       "</div>"
      ],
      "text/plain": [
       "     Cement  Blast_Furnace  Fly_Ash   Water  Superplast  Course_Agg  Fine_Agg  \\\n",
       "0    298.20            0.0   107.00  209.70       11.10      879.60    744.20   \n",
       "1    397.00            0.0     0.00  186.00        0.00     1040.00    734.00   \n",
       "2    251.37            0.0   118.27  188.45        6.35     1028.40    757.73   \n",
       "3    304.00          140.0     0.00  214.00        6.00      895.00    722.00   \n",
       "4    297.00            0.0     0.00  186.00        0.00     1040.00    734.00   \n",
       "..      ...            ...      ...     ...         ...         ...       ...   \n",
       "767  252.50            0.0     0.00  185.70        0.00     1111.60    784.30   \n",
       "768  249.10            0.0    98.75  158.11       12.80      987.76    889.01   \n",
       "769  255.00            0.0     0.00  192.00        0.00      889.80    945.00   \n",
       "770  190.68            0.0   125.40  162.14        7.77     1090.00    804.01   \n",
       "771  159.00          187.0     0.00  176.00       11.00      990.00    789.00   \n",
       "\n",
       "     Age        CCS  \n",
       "0     28  31.875165  \n",
       "1     28  36.935229  \n",
       "2     56  36.638755  \n",
       "3     28  33.418902  \n",
       "4      7  30.957472  \n",
       "..   ...        ...  \n",
       "767    7  11.483912  \n",
       "768   56  42.030457  \n",
       "769    3   8.204075  \n",
       "770  100  40.568768  \n",
       "771   28  32.763900  \n",
       "\n",
       "[772 rows x 9 columns]"
      ]
     },
     "execution_count": 3,
     "metadata": {},
     "output_type": "execute_result"
    }
   ],
   "source": [
    "df_train.columns = [\"Cement\", \"Blast_Furnace\", \"Fly_Ash\", \"Water\", \"Superplast\", \"Course_Agg\", \"Fine_Agg\", \"Age\", \"CCS\"]\n",
    "df_train"
   ]
  },
  {
   "cell_type": "code",
   "execution_count": 4,
   "metadata": {},
   "outputs": [
    {
     "name": "stdout",
     "output_type": "stream",
     "text": [
      "<class 'pandas.core.frame.DataFrame'>\n",
      "RangeIndex: 772 entries, 0 to 771\n",
      "Data columns (total 9 columns):\n",
      " #   Column         Non-Null Count  Dtype  \n",
      "---  ------         --------------  -----  \n",
      " 0   Cement         772 non-null    float64\n",
      " 1   Blast_Furnace  772 non-null    float64\n",
      " 2   Fly_Ash        772 non-null    float64\n",
      " 3   Water          772 non-null    float64\n",
      " 4   Superplast     772 non-null    float64\n",
      " 5   Course_Agg     772 non-null    float64\n",
      " 6   Fine_Agg       772 non-null    float64\n",
      " 7   Age            772 non-null    int64  \n",
      " 8   CCS            772 non-null    float64\n",
      "dtypes: float64(8), int64(1)\n",
      "memory usage: 54.4 KB\n"
     ]
    }
   ],
   "source": [
    "df_train.info()"
   ]
  },
  {
   "cell_type": "code",
   "execution_count": 5,
   "metadata": {},
   "outputs": [
    {
     "data": {
      "text/plain": [
       "Cement           0\n",
       "Blast_Furnace    0\n",
       "Fly_Ash          0\n",
       "Water            0\n",
       "Superplast       0\n",
       "Course_Agg       0\n",
       "Fine_Agg         0\n",
       "Age              0\n",
       "CCS              0\n",
       "dtype: int64"
      ]
     },
     "execution_count": 5,
     "metadata": {},
     "output_type": "execute_result"
    }
   ],
   "source": [
    "df_train.isnull().sum()"
   ]
  },
  {
   "cell_type": "code",
   "execution_count": 6,
   "metadata": {},
   "outputs": [
    {
     "data": {
      "text/html": [
       "<div>\n",
       "<style scoped>\n",
       "    .dataframe tbody tr th:only-of-type {\n",
       "        vertical-align: middle;\n",
       "    }\n",
       "\n",
       "    .dataframe tbody tr th {\n",
       "        vertical-align: top;\n",
       "    }\n",
       "\n",
       "    .dataframe thead th {\n",
       "        text-align: right;\n",
       "    }\n",
       "</style>\n",
       "<table border=\"1\" class=\"dataframe\">\n",
       "  <thead>\n",
       "    <tr style=\"text-align: right;\">\n",
       "      <th></th>\n",
       "      <th>Cement</th>\n",
       "      <th>Blast_Furnace</th>\n",
       "      <th>Fly_Ash</th>\n",
       "      <th>Water</th>\n",
       "      <th>Superplast</th>\n",
       "      <th>Course_Agg</th>\n",
       "      <th>Fine_Agg</th>\n",
       "      <th>Age</th>\n",
       "      <th>CCS</th>\n",
       "    </tr>\n",
       "  </thead>\n",
       "  <tbody>\n",
       "    <tr>\n",
       "      <th>count</th>\n",
       "      <td>772.000000</td>\n",
       "      <td>772.000000</td>\n",
       "      <td>772.000000</td>\n",
       "      <td>772.000000</td>\n",
       "      <td>772.000000</td>\n",
       "      <td>772.000000</td>\n",
       "      <td>772.000000</td>\n",
       "      <td>772.000000</td>\n",
       "      <td>772.000000</td>\n",
       "    </tr>\n",
       "    <tr>\n",
       "      <th>mean</th>\n",
       "      <td>280.722565</td>\n",
       "      <td>76.496140</td>\n",
       "      <td>52.701347</td>\n",
       "      <td>182.361593</td>\n",
       "      <td>6.000848</td>\n",
       "      <td>971.558782</td>\n",
       "      <td>771.618355</td>\n",
       "      <td>44.993523</td>\n",
       "      <td>35.724196</td>\n",
       "    </tr>\n",
       "    <tr>\n",
       "      <th>std</th>\n",
       "      <td>104.711803</td>\n",
       "      <td>87.477423</td>\n",
       "      <td>63.596763</td>\n",
       "      <td>20.913641</td>\n",
       "      <td>5.844002</td>\n",
       "      <td>77.078828</td>\n",
       "      <td>79.785875</td>\n",
       "      <td>60.442735</td>\n",
       "      <td>16.797389</td>\n",
       "    </tr>\n",
       "    <tr>\n",
       "      <th>min</th>\n",
       "      <td>102.000000</td>\n",
       "      <td>0.000000</td>\n",
       "      <td>0.000000</td>\n",
       "      <td>121.750000</td>\n",
       "      <td>0.000000</td>\n",
       "      <td>801.000000</td>\n",
       "      <td>594.000000</td>\n",
       "      <td>1.000000</td>\n",
       "      <td>2.331808</td>\n",
       "    </tr>\n",
       "    <tr>\n",
       "      <th>25%</th>\n",
       "      <td>190.340000</td>\n",
       "      <td>0.000000</td>\n",
       "      <td>0.000000</td>\n",
       "      <td>166.677500</td>\n",
       "      <td>0.000000</td>\n",
       "      <td>932.000000</td>\n",
       "      <td>724.300000</td>\n",
       "      <td>12.250000</td>\n",
       "      <td>23.677591</td>\n",
       "    </tr>\n",
       "    <tr>\n",
       "      <th>50%</th>\n",
       "      <td>275.000000</td>\n",
       "      <td>24.000000</td>\n",
       "      <td>0.000000</td>\n",
       "      <td>185.700000</td>\n",
       "      <td>6.050000</td>\n",
       "      <td>968.000000</td>\n",
       "      <td>777.800000</td>\n",
       "      <td>28.000000</td>\n",
       "      <td>33.870853</td>\n",
       "    </tr>\n",
       "    <tr>\n",
       "      <th>75%</th>\n",
       "      <td>350.000000</td>\n",
       "      <td>144.775000</td>\n",
       "      <td>118.187500</td>\n",
       "      <td>193.000000</td>\n",
       "      <td>10.025000</td>\n",
       "      <td>1028.100000</td>\n",
       "      <td>821.000000</td>\n",
       "      <td>56.000000</td>\n",
       "      <td>46.232813</td>\n",
       "    </tr>\n",
       "    <tr>\n",
       "      <th>max</th>\n",
       "      <td>540.000000</td>\n",
       "      <td>359.400000</td>\n",
       "      <td>200.100000</td>\n",
       "      <td>237.000000</td>\n",
       "      <td>32.200000</td>\n",
       "      <td>1145.000000</td>\n",
       "      <td>992.600000</td>\n",
       "      <td>365.000000</td>\n",
       "      <td>82.599225</td>\n",
       "    </tr>\n",
       "  </tbody>\n",
       "</table>\n",
       "</div>"
      ],
      "text/plain": [
       "           Cement  Blast_Furnace     Fly_Ash       Water  Superplast  \\\n",
       "count  772.000000     772.000000  772.000000  772.000000  772.000000   \n",
       "mean   280.722565      76.496140   52.701347  182.361593    6.000848   \n",
       "std    104.711803      87.477423   63.596763   20.913641    5.844002   \n",
       "min    102.000000       0.000000    0.000000  121.750000    0.000000   \n",
       "25%    190.340000       0.000000    0.000000  166.677500    0.000000   \n",
       "50%    275.000000      24.000000    0.000000  185.700000    6.050000   \n",
       "75%    350.000000     144.775000  118.187500  193.000000   10.025000   \n",
       "max    540.000000     359.400000  200.100000  237.000000   32.200000   \n",
       "\n",
       "        Course_Agg    Fine_Agg         Age         CCS  \n",
       "count   772.000000  772.000000  772.000000  772.000000  \n",
       "mean    971.558782  771.618355   44.993523   35.724196  \n",
       "std      77.078828   79.785875   60.442735   16.797389  \n",
       "min     801.000000  594.000000    1.000000    2.331808  \n",
       "25%     932.000000  724.300000   12.250000   23.677591  \n",
       "50%     968.000000  777.800000   28.000000   33.870853  \n",
       "75%    1028.100000  821.000000   56.000000   46.232813  \n",
       "max    1145.000000  992.600000  365.000000   82.599225  "
      ]
     },
     "execution_count": 6,
     "metadata": {},
     "output_type": "execute_result"
    }
   ],
   "source": [
    "df_train.describe()"
   ]
  },
  {
   "cell_type": "code",
   "execution_count": 7,
   "metadata": {},
   "outputs": [],
   "source": [
    "df_train[\"Total_Loss\"] = df_train.Fly_Ash+df_train.Water+df_train.Course_Agg+df_train.Fine_Agg\n",
    "df_train[\"Total_gain\"] = df_train.Cement+ df_train.Blast_Furnace+df_train.Superplast+ df_train.Age\n",
    "df_train[\"Net\"] = df_train[\"Total_Loss\"] - df_train[\"Total_gain\"]\n",
    "df_train[\"Total_agg\"] = df_train.Course_Agg+df_train.Fine_Agg\n",
    "df_train[\"Loss\"] = df_train.Fly_Ash+df_train.Water\n",
    "df_train[\"gain\"] = (df_train.Cement+ df_train.Blast_Furnace+df_train.Superplast)\n",
    "df_train[\"sml_net\"] = df_train.gain - df_train.Loss\n",
    "df_train[\"pct_net\"] = df_train[\"gain\"]/df_train[\"Loss\"]\n",
    "df_train[\"W/C\"] = df_train[\"Water\"]/df_train[\"Cement\"]"
   ]
  },
  {
   "cell_type": "code",
   "execution_count": 8,
   "metadata": {},
   "outputs": [
    {
     "data": {
      "text/html": [
       "<div>\n",
       "<style scoped>\n",
       "    .dataframe tbody tr th:only-of-type {\n",
       "        vertical-align: middle;\n",
       "    }\n",
       "\n",
       "    .dataframe tbody tr th {\n",
       "        vertical-align: top;\n",
       "    }\n",
       "\n",
       "    .dataframe thead th {\n",
       "        text-align: right;\n",
       "    }\n",
       "</style>\n",
       "<table border=\"1\" class=\"dataframe\">\n",
       "  <thead>\n",
       "    <tr style=\"text-align: right;\">\n",
       "      <th></th>\n",
       "      <th>Cement</th>\n",
       "      <th>Blast_Furnace</th>\n",
       "      <th>Fly_Ash</th>\n",
       "      <th>Water</th>\n",
       "      <th>Superplast</th>\n",
       "      <th>Course_Agg</th>\n",
       "      <th>Fine_Agg</th>\n",
       "      <th>Age</th>\n",
       "      <th>CCS</th>\n",
       "      <th>Total_Loss</th>\n",
       "      <th>Total_gain</th>\n",
       "      <th>Net</th>\n",
       "      <th>Total_agg</th>\n",
       "      <th>Loss</th>\n",
       "      <th>gain</th>\n",
       "      <th>sml_net</th>\n",
       "      <th>pct_net</th>\n",
       "      <th>W/C</th>\n",
       "    </tr>\n",
       "  </thead>\n",
       "  <tbody>\n",
       "    <tr>\n",
       "      <th>Cement</th>\n",
       "      <td>1.000000</td>\n",
       "      <td>-0.293098</td>\n",
       "      <td>-0.388935</td>\n",
       "      <td>-0.057099</td>\n",
       "      <td>0.067509</td>\n",
       "      <td>-0.123236</td>\n",
       "      <td>-0.215750</td>\n",
       "      <td>0.088178</td>\n",
       "      <td>0.474385</td>\n",
       "      <td>-0.471607</td>\n",
       "      <td>0.637366</td>\n",
       "      <td>-0.591883</td>\n",
       "      <td>-0.266975</td>\n",
       "      <td>-0.422678</td>\n",
       "      <td>0.686599</td>\n",
       "      <td>0.658302</td>\n",
       "      <td>0.623842</td>\n",
       "      <td>-0.881054</td>\n",
       "    </tr>\n",
       "    <tr>\n",
       "      <th>Blast_Furnace</th>\n",
       "      <td>-0.293098</td>\n",
       "      <td>1.000000</td>\n",
       "      <td>-0.321431</td>\n",
       "      <td>0.108674</td>\n",
       "      <td>0.030881</td>\n",
       "      <td>-0.263619</td>\n",
       "      <td>-0.292780</td>\n",
       "      <td>-0.032658</td>\n",
       "      <td>0.140549</td>\n",
       "      <td>-0.554086</td>\n",
       "      <td>0.413351</td>\n",
       "      <td>-0.503181</td>\n",
       "      <td>-0.436542</td>\n",
       "      <td>-0.296180</td>\n",
       "      <td>0.492199</td>\n",
       "      <td>0.469300</td>\n",
       "      <td>0.451440</td>\n",
       "      <td>0.370397</td>\n",
       "    </tr>\n",
       "    <tr>\n",
       "      <th>Fly_Ash</th>\n",
       "      <td>-0.388935</td>\n",
       "      <td>-0.321431</td>\n",
       "      <td>1.000000</td>\n",
       "      <td>-0.270187</td>\n",
       "      <td>0.400208</td>\n",
       "      <td>-0.005894</td>\n",
       "      <td>0.082229</td>\n",
       "      <td>-0.143224</td>\n",
       "      <td>-0.091827</td>\n",
       "      <td>0.573833</td>\n",
       "      <td>-0.564949</td>\n",
       "      <td>0.599532</td>\n",
       "      <td>0.061030</td>\n",
       "      <td>0.944595</td>\n",
       "      <td>-0.574610</td>\n",
       "      <td>-0.777322</td>\n",
       "      <td>-0.732058</td>\n",
       "      <td>0.241460</td>\n",
       "    </tr>\n",
       "    <tr>\n",
       "      <th>Water</th>\n",
       "      <td>-0.057099</td>\n",
       "      <td>0.108674</td>\n",
       "      <td>-0.270187</td>\n",
       "      <td>1.000000</td>\n",
       "      <td>-0.664826</td>\n",
       "      <td>-0.176659</td>\n",
       "      <td>-0.456134</td>\n",
       "      <td>0.263403</td>\n",
       "      <td>-0.292147</td>\n",
       "      <td>-0.414603</td>\n",
       "      <td>0.116980</td>\n",
       "      <td>-0.266326</td>\n",
       "      <td>-0.499811</td>\n",
       "      <td>0.060814</td>\n",
       "      <td>-0.003090</td>\n",
       "      <td>-0.025535</td>\n",
       "      <td>-0.152447</td>\n",
       "      <td>0.314554</td>\n",
       "    </tr>\n",
       "    <tr>\n",
       "      <th>Superplast</th>\n",
       "      <td>0.067509</td>\n",
       "      <td>0.030881</td>\n",
       "      <td>0.400208</td>\n",
       "      <td>-0.664826</td>\n",
       "      <td>1.000000</td>\n",
       "      <td>-0.250230</td>\n",
       "      <td>0.224024</td>\n",
       "      <td>-0.169331</td>\n",
       "      <td>0.373130</td>\n",
       "      <td>0.090793</td>\n",
       "      <td>0.040435</td>\n",
       "      <td>0.020478</td>\n",
       "      <td>-0.014127</td>\n",
       "      <td>0.188247</td>\n",
       "      <td>0.134909</td>\n",
       "      <td>0.025398</td>\n",
       "      <td>0.143216</td>\n",
       "      <td>-0.204124</td>\n",
       "    </tr>\n",
       "    <tr>\n",
       "      <th>Course_Agg</th>\n",
       "      <td>-0.123236</td>\n",
       "      <td>-0.263619</td>\n",
       "      <td>-0.005894</td>\n",
       "      <td>-0.176659</td>\n",
       "      <td>-0.250230</td>\n",
       "      <td>1.000000</td>\n",
       "      <td>-0.186632</td>\n",
       "      <td>0.010220</td>\n",
       "      <td>-0.170232</td>\n",
       "      <td>0.520673</td>\n",
       "      <td>-0.276677</td>\n",
       "      <td>0.408812</td>\n",
       "      <td>0.621527</td>\n",
       "      <td>-0.066337</td>\n",
       "      <td>-0.323375</td>\n",
       "      <td>-0.208353</td>\n",
       "      <td>-0.188255</td>\n",
       "      <td>-0.010069</td>\n",
       "    </tr>\n",
       "    <tr>\n",
       "      <th>Fine_Agg</th>\n",
       "      <td>-0.215750</td>\n",
       "      <td>-0.292780</td>\n",
       "      <td>0.082229</td>\n",
       "      <td>-0.456134</td>\n",
       "      <td>0.224024</td>\n",
       "      <td>-0.186632</td>\n",
       "      <td>1.000000</td>\n",
       "      <td>-0.175534</td>\n",
       "      <td>-0.161386</td>\n",
       "      <td>0.547297</td>\n",
       "      <td>-0.432222</td>\n",
       "      <td>0.510730</td>\n",
       "      <td>0.653631</td>\n",
       "      <td>-0.070257</td>\n",
       "      <td>-0.405168</td>\n",
       "      <td>-0.265980</td>\n",
       "      <td>-0.175446</td>\n",
       "      <td>0.053099</td>\n",
       "    </tr>\n",
       "    <tr>\n",
       "      <th>Age</th>\n",
       "      <td>0.088178</td>\n",
       "      <td>-0.032658</td>\n",
       "      <td>-0.143224</td>\n",
       "      <td>0.263403</td>\n",
       "      <td>-0.169331</td>\n",
       "      <td>0.010220</td>\n",
       "      <td>-0.175534</td>\n",
       "      <td>1.000000</td>\n",
       "      <td>0.351344</td>\n",
       "      <td>-0.150662</td>\n",
       "      <td>0.494803</td>\n",
       "      <td>-0.355921</td>\n",
       "      <td>-0.132098</td>\n",
       "      <td>-0.058682</td>\n",
       "      <td>0.046543</td>\n",
       "      <td>0.056131</td>\n",
       "      <td>0.027020</td>\n",
       "      <td>-0.026392</td>\n",
       "    </tr>\n",
       "    <tr>\n",
       "      <th>CCS</th>\n",
       "      <td>0.474385</td>\n",
       "      <td>0.140549</td>\n",
       "      <td>-0.091827</td>\n",
       "      <td>-0.292147</td>\n",
       "      <td>0.373130</td>\n",
       "      <td>-0.170232</td>\n",
       "      <td>-0.161386</td>\n",
       "      <td>0.351344</td>\n",
       "      <td>1.000000</td>\n",
       "      <td>-0.339962</td>\n",
       "      <td>0.641792</td>\n",
       "      <td>-0.531136</td>\n",
       "      <td>-0.259828</td>\n",
       "      <td>-0.194796</td>\n",
       "      <td>0.554253</td>\n",
       "      <td>0.475313</td>\n",
       "      <td>0.483821</td>\n",
       "      <td>-0.485746</td>\n",
       "    </tr>\n",
       "    <tr>\n",
       "      <th>Total_Loss</th>\n",
       "      <td>-0.471607</td>\n",
       "      <td>-0.554086</td>\n",
       "      <td>0.573833</td>\n",
       "      <td>-0.414603</td>\n",
       "      <td>0.090793</td>\n",
       "      <td>0.520673</td>\n",
       "      <td>0.547297</td>\n",
       "      <td>-0.150662</td>\n",
       "      <td>-0.339962</td>\n",
       "      <td>1.000000</td>\n",
       "      <td>-0.799961</td>\n",
       "      <td>0.939043</td>\n",
       "      <td>0.837516</td>\n",
       "      <td>0.453550</td>\n",
       "      <td>-0.840871</td>\n",
       "      <td>-0.781655</td>\n",
       "      <td>-0.701053</td>\n",
       "      <td>0.227508</td>\n",
       "    </tr>\n",
       "    <tr>\n",
       "      <th>Total_gain</th>\n",
       "      <td>0.637366</td>\n",
       "      <td>0.413351</td>\n",
       "      <td>-0.564949</td>\n",
       "      <td>0.116980</td>\n",
       "      <td>0.040435</td>\n",
       "      <td>-0.276677</td>\n",
       "      <td>-0.432222</td>\n",
       "      <td>0.494803</td>\n",
       "      <td>0.641792</td>\n",
       "      <td>-0.799961</td>\n",
       "      <td>1.000000</td>\n",
       "      <td>-0.957496</td>\n",
       "      <td>-0.557793</td>\n",
       "      <td>-0.545806</td>\n",
       "      <td>0.891093</td>\n",
       "      <td>0.853311</td>\n",
       "      <td>0.806396</td>\n",
       "      <td>-0.470855</td>\n",
       "    </tr>\n",
       "    <tr>\n",
       "      <th>Net</th>\n",
       "      <td>-0.591883</td>\n",
       "      <td>-0.503181</td>\n",
       "      <td>0.599532</td>\n",
       "      <td>-0.266326</td>\n",
       "      <td>0.020478</td>\n",
       "      <td>0.408812</td>\n",
       "      <td>0.510730</td>\n",
       "      <td>-0.355921</td>\n",
       "      <td>-0.531136</td>\n",
       "      <td>0.939043</td>\n",
       "      <td>-0.957496</td>\n",
       "      <td>1.000000</td>\n",
       "      <td>0.722186</td>\n",
       "      <td>0.530744</td>\n",
       "      <td>-0.914763</td>\n",
       "      <td>-0.864650</td>\n",
       "      <td>-0.799024</td>\n",
       "      <td>0.379140</td>\n",
       "    </tr>\n",
       "    <tr>\n",
       "      <th>Total_agg</th>\n",
       "      <td>-0.266975</td>\n",
       "      <td>-0.436542</td>\n",
       "      <td>0.061030</td>\n",
       "      <td>-0.499811</td>\n",
       "      <td>-0.014127</td>\n",
       "      <td>0.621527</td>\n",
       "      <td>0.653631</td>\n",
       "      <td>-0.132098</td>\n",
       "      <td>-0.259828</td>\n",
       "      <td>0.837516</td>\n",
       "      <td>-0.557793</td>\n",
       "      <td>0.722186</td>\n",
       "      <td>1.000000</td>\n",
       "      <td>-0.107125</td>\n",
       "      <td>-0.572194</td>\n",
       "      <td>-0.372598</td>\n",
       "      <td>-0.284922</td>\n",
       "      <td>0.034585</td>\n",
       "    </tr>\n",
       "    <tr>\n",
       "      <th>Loss</th>\n",
       "      <td>-0.422678</td>\n",
       "      <td>-0.296180</td>\n",
       "      <td>0.944595</td>\n",
       "      <td>0.060814</td>\n",
       "      <td>0.188247</td>\n",
       "      <td>-0.066337</td>\n",
       "      <td>-0.070257</td>\n",
       "      <td>-0.058682</td>\n",
       "      <td>-0.194796</td>\n",
       "      <td>0.453550</td>\n",
       "      <td>-0.545806</td>\n",
       "      <td>0.530744</td>\n",
       "      <td>-0.107125</td>\n",
       "      <td>1.000000</td>\n",
       "      <td>-0.596755</td>\n",
       "      <td>-0.814560</td>\n",
       "      <td>-0.810902</td>\n",
       "      <td>0.357560</td>\n",
       "    </tr>\n",
       "    <tr>\n",
       "      <th>gain</th>\n",
       "      <td>0.686599</td>\n",
       "      <td>0.492199</td>\n",
       "      <td>-0.574610</td>\n",
       "      <td>-0.003090</td>\n",
       "      <td>0.134909</td>\n",
       "      <td>-0.323375</td>\n",
       "      <td>-0.405168</td>\n",
       "      <td>0.046543</td>\n",
       "      <td>0.554253</td>\n",
       "      <td>-0.840871</td>\n",
       "      <td>0.891093</td>\n",
       "      <td>-0.914763</td>\n",
       "      <td>-0.572194</td>\n",
       "      <td>-0.596755</td>\n",
       "      <td>1.000000</td>\n",
       "      <td>0.951562</td>\n",
       "      <td>0.912836</td>\n",
       "      <td>-0.527462</td>\n",
       "    </tr>\n",
       "    <tr>\n",
       "      <th>sml_net</th>\n",
       "      <td>0.658302</td>\n",
       "      <td>0.469300</td>\n",
       "      <td>-0.777322</td>\n",
       "      <td>-0.025535</td>\n",
       "      <td>0.025398</td>\n",
       "      <td>-0.208353</td>\n",
       "      <td>-0.265980</td>\n",
       "      <td>0.056131</td>\n",
       "      <td>0.475313</td>\n",
       "      <td>-0.781655</td>\n",
       "      <td>0.853311</td>\n",
       "      <td>-0.864650</td>\n",
       "      <td>-0.372598</td>\n",
       "      <td>-0.814560</td>\n",
       "      <td>0.951562</td>\n",
       "      <td>1.000000</td>\n",
       "      <td>0.970603</td>\n",
       "      <td>-0.518310</td>\n",
       "    </tr>\n",
       "    <tr>\n",
       "      <th>pct_net</th>\n",
       "      <td>0.623842</td>\n",
       "      <td>0.451440</td>\n",
       "      <td>-0.732058</td>\n",
       "      <td>-0.152447</td>\n",
       "      <td>0.143216</td>\n",
       "      <td>-0.188255</td>\n",
       "      <td>-0.175446</td>\n",
       "      <td>0.027020</td>\n",
       "      <td>0.483821</td>\n",
       "      <td>-0.701053</td>\n",
       "      <td>0.806396</td>\n",
       "      <td>-0.799024</td>\n",
       "      <td>-0.284922</td>\n",
       "      <td>-0.810902</td>\n",
       "      <td>0.912836</td>\n",
       "      <td>0.970603</td>\n",
       "      <td>1.000000</td>\n",
       "      <td>-0.507834</td>\n",
       "    </tr>\n",
       "    <tr>\n",
       "      <th>W/C</th>\n",
       "      <td>-0.881054</td>\n",
       "      <td>0.370397</td>\n",
       "      <td>0.241460</td>\n",
       "      <td>0.314554</td>\n",
       "      <td>-0.204124</td>\n",
       "      <td>-0.010069</td>\n",
       "      <td>0.053099</td>\n",
       "      <td>-0.026392</td>\n",
       "      <td>-0.485746</td>\n",
       "      <td>0.227508</td>\n",
       "      <td>-0.470855</td>\n",
       "      <td>0.379140</td>\n",
       "      <td>0.034585</td>\n",
       "      <td>0.357560</td>\n",
       "      <td>-0.527462</td>\n",
       "      <td>-0.518310</td>\n",
       "      <td>-0.507834</td>\n",
       "      <td>1.000000</td>\n",
       "    </tr>\n",
       "  </tbody>\n",
       "</table>\n",
       "</div>"
      ],
      "text/plain": [
       "                 Cement  Blast_Furnace   Fly_Ash     Water  Superplast  \\\n",
       "Cement         1.000000      -0.293098 -0.388935 -0.057099    0.067509   \n",
       "Blast_Furnace -0.293098       1.000000 -0.321431  0.108674    0.030881   \n",
       "Fly_Ash       -0.388935      -0.321431  1.000000 -0.270187    0.400208   \n",
       "Water         -0.057099       0.108674 -0.270187  1.000000   -0.664826   \n",
       "Superplast     0.067509       0.030881  0.400208 -0.664826    1.000000   \n",
       "Course_Agg    -0.123236      -0.263619 -0.005894 -0.176659   -0.250230   \n",
       "Fine_Agg      -0.215750      -0.292780  0.082229 -0.456134    0.224024   \n",
       "Age            0.088178      -0.032658 -0.143224  0.263403   -0.169331   \n",
       "CCS            0.474385       0.140549 -0.091827 -0.292147    0.373130   \n",
       "Total_Loss    -0.471607      -0.554086  0.573833 -0.414603    0.090793   \n",
       "Total_gain     0.637366       0.413351 -0.564949  0.116980    0.040435   \n",
       "Net           -0.591883      -0.503181  0.599532 -0.266326    0.020478   \n",
       "Total_agg     -0.266975      -0.436542  0.061030 -0.499811   -0.014127   \n",
       "Loss          -0.422678      -0.296180  0.944595  0.060814    0.188247   \n",
       "gain           0.686599       0.492199 -0.574610 -0.003090    0.134909   \n",
       "sml_net        0.658302       0.469300 -0.777322 -0.025535    0.025398   \n",
       "pct_net        0.623842       0.451440 -0.732058 -0.152447    0.143216   \n",
       "W/C           -0.881054       0.370397  0.241460  0.314554   -0.204124   \n",
       "\n",
       "               Course_Agg  Fine_Agg       Age       CCS  Total_Loss  \\\n",
       "Cement          -0.123236 -0.215750  0.088178  0.474385   -0.471607   \n",
       "Blast_Furnace   -0.263619 -0.292780 -0.032658  0.140549   -0.554086   \n",
       "Fly_Ash         -0.005894  0.082229 -0.143224 -0.091827    0.573833   \n",
       "Water           -0.176659 -0.456134  0.263403 -0.292147   -0.414603   \n",
       "Superplast      -0.250230  0.224024 -0.169331  0.373130    0.090793   \n",
       "Course_Agg       1.000000 -0.186632  0.010220 -0.170232    0.520673   \n",
       "Fine_Agg        -0.186632  1.000000 -0.175534 -0.161386    0.547297   \n",
       "Age              0.010220 -0.175534  1.000000  0.351344   -0.150662   \n",
       "CCS             -0.170232 -0.161386  0.351344  1.000000   -0.339962   \n",
       "Total_Loss       0.520673  0.547297 -0.150662 -0.339962    1.000000   \n",
       "Total_gain      -0.276677 -0.432222  0.494803  0.641792   -0.799961   \n",
       "Net              0.408812  0.510730 -0.355921 -0.531136    0.939043   \n",
       "Total_agg        0.621527  0.653631 -0.132098 -0.259828    0.837516   \n",
       "Loss            -0.066337 -0.070257 -0.058682 -0.194796    0.453550   \n",
       "gain            -0.323375 -0.405168  0.046543  0.554253   -0.840871   \n",
       "sml_net         -0.208353 -0.265980  0.056131  0.475313   -0.781655   \n",
       "pct_net         -0.188255 -0.175446  0.027020  0.483821   -0.701053   \n",
       "W/C             -0.010069  0.053099 -0.026392 -0.485746    0.227508   \n",
       "\n",
       "               Total_gain       Net  Total_agg      Loss      gain   sml_net  \\\n",
       "Cement           0.637366 -0.591883  -0.266975 -0.422678  0.686599  0.658302   \n",
       "Blast_Furnace    0.413351 -0.503181  -0.436542 -0.296180  0.492199  0.469300   \n",
       "Fly_Ash         -0.564949  0.599532   0.061030  0.944595 -0.574610 -0.777322   \n",
       "Water            0.116980 -0.266326  -0.499811  0.060814 -0.003090 -0.025535   \n",
       "Superplast       0.040435  0.020478  -0.014127  0.188247  0.134909  0.025398   \n",
       "Course_Agg      -0.276677  0.408812   0.621527 -0.066337 -0.323375 -0.208353   \n",
       "Fine_Agg        -0.432222  0.510730   0.653631 -0.070257 -0.405168 -0.265980   \n",
       "Age              0.494803 -0.355921  -0.132098 -0.058682  0.046543  0.056131   \n",
       "CCS              0.641792 -0.531136  -0.259828 -0.194796  0.554253  0.475313   \n",
       "Total_Loss      -0.799961  0.939043   0.837516  0.453550 -0.840871 -0.781655   \n",
       "Total_gain       1.000000 -0.957496  -0.557793 -0.545806  0.891093  0.853311   \n",
       "Net             -0.957496  1.000000   0.722186  0.530744 -0.914763 -0.864650   \n",
       "Total_agg       -0.557793  0.722186   1.000000 -0.107125 -0.572194 -0.372598   \n",
       "Loss            -0.545806  0.530744  -0.107125  1.000000 -0.596755 -0.814560   \n",
       "gain             0.891093 -0.914763  -0.572194 -0.596755  1.000000  0.951562   \n",
       "sml_net          0.853311 -0.864650  -0.372598 -0.814560  0.951562  1.000000   \n",
       "pct_net          0.806396 -0.799024  -0.284922 -0.810902  0.912836  0.970603   \n",
       "W/C             -0.470855  0.379140   0.034585  0.357560 -0.527462 -0.518310   \n",
       "\n",
       "                pct_net       W/C  \n",
       "Cement         0.623842 -0.881054  \n",
       "Blast_Furnace  0.451440  0.370397  \n",
       "Fly_Ash       -0.732058  0.241460  \n",
       "Water         -0.152447  0.314554  \n",
       "Superplast     0.143216 -0.204124  \n",
       "Course_Agg    -0.188255 -0.010069  \n",
       "Fine_Agg      -0.175446  0.053099  \n",
       "Age            0.027020 -0.026392  \n",
       "CCS            0.483821 -0.485746  \n",
       "Total_Loss    -0.701053  0.227508  \n",
       "Total_gain     0.806396 -0.470855  \n",
       "Net           -0.799024  0.379140  \n",
       "Total_agg     -0.284922  0.034585  \n",
       "Loss          -0.810902  0.357560  \n",
       "gain           0.912836 -0.527462  \n",
       "sml_net        0.970603 -0.518310  \n",
       "pct_net        1.000000 -0.507834  \n",
       "W/C           -0.507834  1.000000  "
      ]
     },
     "execution_count": 8,
     "metadata": {},
     "output_type": "execute_result"
    }
   ],
   "source": [
    "df_train.corr()"
   ]
  },
  {
   "cell_type": "code",
   "execution_count": 9,
   "metadata": {},
   "outputs": [],
   "source": [
    "# sns.pairplot(df_train)"
   ]
  },
  {
   "cell_type": "code",
   "execution_count": 10,
   "metadata": {
    "scrolled": true
   },
   "outputs": [
    {
     "data": {
